52	20									
3	Normal	-0.02	0.004							
39	Normal	-0.18	0.004							
57	Normal	-0.24	0.004							
85	Normal	-0.18	0.004							
115	Normal	-0.12	0.004							
133	Normal	-0.28	0.004							
149	Normal	-0.47	0.004							
165	Normal	-0.20	0.004							
187	Normal	-0.30	0.004							
217	Normal	-0.08	0.004							
229	Normal	-0.22	0.004							
4	Dependent	3	0.45							
40	Dependent	39	0.166666667							
58	Dependent	57	0.166666667							
86	Dependent	85	0.388888889							
116	Dependent	115	0.25							
134	Dependent	133	0.25							
150	Dependent	149	0.234042553							
166	Dependent	165	0.5							
188	Dependent	187	0.533333333							
218	Dependent	217	0.375							
230	Dependent	229	0.318181818	
19	Weibull	0	1	8	3	7.1438	7.2216236	1.2	16	25
23	Beta	0	0.5319986	2.2222	2.2222					
49	Weibull	0	1	8	3	7.1438	3.53058759	1.2	16	25
51	Weibull	0	1	8	3	7.1438	9.35827736	1.2	16	25
121	Beta	0	2.24	2.2222	2.2222					
129	Beta	0	5.474014	2.2222	2.2222					
159	Weibull	0	1	8	3	7.1438	10.34182352	1.2	16	25
177	Beta	0	8.497986	2.2222	2.2222					
205	Weibull	0	1	8	3	7.1438	0.506710608	1.2	16	25
20	Dependent	19	-0.113422222							
24	Dependent	23	2.137631579							
50	Dependent	49	0.2216363636							
52	Dependent	51	0.02748407643							
122	Dependent	121	0.042125							
130	Dependent	129	0.257826087							
160	Dependent	159	0.2406628242							
178	Dependent	177	-0.009769357496							
206	Dependent	205	3.495294118							
241	Weibull	0	1	8	3	7.1438	0.3	1.2	16	25
242	Dependent	241	6.47

247	Normal	-0.15	0.004	
249	Normal	-0.3	0.004	
259	Normal	-0.1	0.004	
285	Normal	-0.3	0.004	
295	Normal	-0.1	0.004
248	Dependent	247	0.62							
250	Dependent	249	0.753333333							
260	Dependent	259	0.62							
286	Dependent	285	0.753333333							
296	Dependent	295	0.62		

194	1.23255814	0.001720	0.00005
195	0.750122850	0.004070	0.00005
196	1.294841735	0.001706	0.00005
197	1.294845361	0.002910	0.00005
198	1.294779478	0.002222	0.00005
199	1.294607537	0.004803	0.00005
200	1.294855709	0.005160	0.00005
201	1.294845361	0.002910	0.00005
202	1.232358465	0.003727	0.00005
203	1.231884058	0.001104	0.00005

212	1.23255814	0.001720	0.00005
213	0.750122850	0.004070	0.00005
214	1.294841735	0.001706	0.00005
215	1.294845361	0.002910	0.00005
216	1.294779478	0.002222	0.00005
217	1.294607537	0.004803	0.00005
218	1.294855709	0.005160	0.00005
219	1.294845361	0.002910	0.00005
220	1.232358465	0.003727	0.00005
221	1.231884058	0.001104	0.00005
