132	20									
3	Normal	-0.02	0.004							
39	Normal	-0.18	0.004							
57	Normal	-0.24	0.004							
85	Normal	-0.18	0.004							
115	Normal	-0.12	0.004							
133	Normal	-0.28	0.004							
149	Normal	-0.47	0.004							
165	Normal	-0.20	0.004							
187	Normal	-0.30	0.004							
217	Normal	-0.08	0.004							
229	Normal	-0.22	0.004							
4	Dependent	3	0.45							
40	Dependent	39	0.166666667							
58	Dependent	57	0.166666667							
86	Dependent	85	0.388888889							
116	Dependent	115	0.25							
134	Dependent	133	0.25							
150	Dependent	149	0.234042553							
166	Dependent	165	0.5							
188	Dependent	187	0.533333333							
218	Dependent	217	0.375							
230	Dependent	229	0.318181818	
19	Weibull	0	1	8	3	7.1438	7.2216236	1.2	16	25
23	Beta	0	0.5319986	2.2222	2.2222					
49	Weibull	0	1	8	3	7.1438	3.53058759	1.2	16	25
51	Weibull	0	1	8	3	7.1438	9.35827736	1.2	16	25
121	Beta	0	2.24	2.2222	2.2222					
129	Beta	0	5.474014	2.2222	2.2222					
159	Weibull	0	1	8	3	7.1438	10.34182352	1.2	16	25
177	Beta	0	8.497986	2.2222	2.2222					
205	Weibull	0	1	8	3	7.1438	0.506710608	1.2	16	25
20	Dependent	19	-0.113422222							
24	Dependent	23	2.137631579							
50	Dependent	49	0.2216363636							
52	Dependent	51	0.02748407643							
122	Dependent	121	0.042125							
130	Dependent	129	0.257826087							
160	Dependent	159	0.2406628242							
178	Dependent	177	-0.009769357496							
206	Dependent	205	3.495294118							
241	Weibull	0	1	8	3	7.1438	0.3	1.2	16	25
242	Dependent	241	6.47
247	Normal	-0.15	0.004	
249	Normal	-0.3	0.004	
259	Normal	-0.1	0.004	
285	Normal	-0.3	0.004	
295	Normal	-0.1	0.004
248	Dependent	247	0.62							
250	Dependent	249	0.753333333							
260	Dependent	259	0.62							
286	Dependent	285	0.753333333							
296	Dependent	295	0.62		
1	Normal	-0.5083	0.005
5	Normal	-0.3908	0.005
7	Normal	-0.3914	0.005
11	Normal	-0.5156	0.005
13	Normal	-0.1896	0.005
15	Normal	-0.2776	0.005
21	Normal	-0.7048	0.005
25	Normal	-0.3384	0.005
27	Normal	-0.1394	0.005
29	Normal	-0.9083	0.005
2	Dependent	1	0.596498131
6	Dependent	5	0.2558853634
8	Dependent	7	0.6877874297
12	Dependent	11	0.1173390225
14	Dependent	13	0.1054852321
16	Dependent	15	-2.279178674
22	Dependent	21	0.323354143
26	Dependent	25	0.4739952719
28	Dependent	27	0.07173601148
30	Dependent	29	0.2598260487
31	Normal	-0.2512	0.005
33	Normal	-0.1093	0.005
35	Normal	-0.6012	0.005
37	Normal	-0.4508	0.005
39	Normal	-0.1812	0.005
41	Normal	-0.1391	0.005
43	Normal	-0.0996	0.005
45	Normal	-0.0706	0.005
47	Normal	-0.1302	0.005
53	Normal	-0.7079	0.005
32	Dependent	31	0.3972929936
34	Dependent	33	0.2753888381
36	Dependent	35	0.1029607452
38	Dependent	37	0.8755545697
40	Dependent	39	0.1644591611
42	Dependent	41	0.5765636233
44	Dependent	43	0.5040160643
46	Dependent	45	0.4277620397
48	Dependent	47	-1.168970814
54	Dependent	53	0.1320808024
55	Normal	-0.1717	0.005
61	Normal	-0.3589	0.005
63	Normal	-0.5852	0.005
65	Normal	-0.2297	0.005
67	Normal	-0.5909	0.005
69	Normal	-0.3295	0.005
71	Normal	-0.3116	0.005
77	Normal	-0.2720	0.005
79	Normal	-0.6610	0.005
81	Normal	-0.3688	0.005
56	Dependent	55	0.4059405941
62	Dependent	61	-0.1538032878
64	Dependent	63	0.702836637
66	Dependent	65	0.3926861123
68	Dependent	67	0.7551193095
70	Dependent	69	0.2758725341
72	Dependent	71	0.2865853639
78	Dependent	77	0.4080882353
80	Dependent	79	-0.07503782148
82	Dependent	81	0.273318872
83	Normal	-0.9647	0.005
87	Normal	-0.1601	0.005
89	Normal	-0.5301	0.005
91	Normal	-0.0895	0.005
93	Normal	-0.3421	0.005
95	Normal	-0.2013	0.005
97	Normal	1.1676	0.01
99	Normal	-0.1696	0.005
101	Normal	-0.1695	0.005
103	Normal	-0.1784	0.005
84	Dependent	83	-0.2024463564
88	Dependent	87	0.5034353529
90	Dependent	89	0.4157706093
92	Dependent	91	1.433519553
94	Dependent	93	0
96	Dependent	95	0.5429706905
98	Dependent	97	0.8346180199
100	Dependent	99	0.2382075472
102	Dependent	101	0.4749262537
104	Dependent	103	0.2825112108

194	1.23255814	0.001720	0.00005
195	0.750122850	0.004070	0.00005
196	1.294841735	0.001706	0.00005
197	1.294845361	0.002910	0.00005
198	1.294779478	0.002222	0.00005
199	1.294607537	0.004803	0.00005
200	1.294855709	0.005160	0.00005
201	1.294845361	0.002910	0.00005
202	1.232358465	0.003727	0.00005
203	1.231884058	0.001104	0.00005

212	1.23255814	0.001720	0.00005
213	0.750122850	0.004070	0.00005
214	1.294841735	0.001706	0.00005
215	1.294845361	0.002910	0.00005
216	1.294779478	0.002222	0.00005
217	1.294607537	0.004803	0.00005
218	1.294855709	0.005160	0.00005
219	1.294845361	0.002910	0.00005
220	1.232358465	0.003727	0.00005
221	1.231884058	0.001104	0.00005